   7.1431231e-01
   1.1327300e+00
   7.0654465e-01
   6.9396040e-01
   7.2175414e-01
   4.1875430e-01
   8.8481637e-01
   9.7038043e-01
   8.8702063e-01
   6.0849020e-01
   6.0168149e-01
   9.4069259e-01
   6.9870505e-01
   9.8590553e-01
   6.1930718e-01
   8.8697643e-01
   6.4665006e-01
   7.1538066e-01
   6.9245805e-01
   1.0016263e+00
   9.2927332e-01
   8.3208548e-01
   1.0072698e+00
   6.4753732e-01
   5.2618987e-01
   8.7086712e-01
   8.1071987e-01
   8.1190890e-01
   6.5271719e-01
   9.1441412e-01
   8.8090761e-01
   5.8916455e-01
   7.9392396e-01
   9.9465709e-01
   7.8617364e-01
   1.1255210e+00
   8.1251962e-01
   7.6151538e-01
   5.9567402e-01
   8.0432571e-01
   8.9670051e-01
   1.1032709e+00
   6.7118044e-01
   7.6732247e-01
   8.1341324e-01
   8.5472787e-01
   8.6990275e-01
   1.0380876e+00
   9.1488754e-01
   7.1131267e-01
   1.1859941e+00
   7.1277714e-01
   8.6902772e-01
   1.0400632e+00
   1.0509128e+00
   6.3937758e-01
   7.7347760e-01
   6.7700756e-01
   7.7867042e-01
   7.7616697e-01
   5.9710295e-01
   8.6171582e-01
   8.6831699e-01
   7.6982314e-01
   7.2956916e-01
   7.4681754e-01
   4.4591723e-01
   6.1299807e-01
   6.5509511e-01
   8.2527992e-01
   8.3673500e-01
   7.3378739e-01
   8.9456409e-01
   8.4142464e-01
   9.3775949e-01
   7.9465445e-01
   8.1613112e-01
   9.0047628e-01
   8.0590801e-01
   9.7239774e-01
   7.0135502e-01
   8.7457571e-01
   7.7696225e-01
   8.7062204e-01
   6.6707906e-01
   9.2888284e-01
   4.1536216e-01
   6.9007340e-01
   1.1477156e+00
   1.0662026e+00
   8.1204737e-01
   6.3935446e-01
   7.0759133e-01
   6.9145184e-01
   8.9085891e-01
   1.0645542e+00
   7.7929082e-01
   7.9251864e-01
   7.7552414e-01
   1.0011177e+00
